1 41 214
2 57 192
3 91 172
4 126 164
5 201 168
6 219 207
7 159 225
8 75 230
9 73 291
10 5 303
11 17 346 
12 58 374
13 57 423 
14 134 425 
15 216 426 
16 272 431
17 356 429
18 413 411
19 480 407
20 460 373
21 414 374
22 358 379
23 355 321 
24 353 277
25 352 228
26 354 155
27 354 143
28 299 157
29 277 227
30 257 274
31 201 275
32 92 328
33 133 323
34 231 326
35 274 324 
36 274 370
37 226 373
38 134 366
39 415 321
40 413 274
41 414 226
42 475 229
43 477 278
44 506 229
45 554 210
46 636 182
47 729 227
48 724 164
49 726 300
50 736 331
51 645 297
52 567 292
53 562 387
54 617 368
55 856 327
56 948 318
57 924 271
58 905 245
59 873 227
60 847 212
61 825 174
62 766 152
63 806 141
64 868 112
65 905 171
66 911 206


